ValuesOfM1s=1e-6*[46.67
48.8
49.1875
49.1325
49.055
49.0375
48.8975
48.605
48.1875
46.5975
43.15
36.725
30.525
23.0125
16.5675
9.5
2.885
-0.3175
-1.275
-1.47
-1.525
-1.255
-1.2475
-0.8975
-1.015
-0.965
-0.6125
-0.46
-0.415
-0.4675];

thirtyValuesOfM=1e-6*[45.4825
48.075
48.1725
47.7675
47.775
47.4575
47.0475
46.32
45.9525
45.0325
43.485
41.3925
40.625
40.685
40.555
41.2325
42.9425
44.945
46.1525
46.6225
46.8025
47.0925
46.7275
46.89
46.7825
46.7125
46.9075
47.2275
47.42
45.985];

